1
1
1
0
(16 0
((0,0) (63,63) (0,0))
((192,0) (255,63) (0,0))
((128,0) (191,63) (0,0))
((64,0) (127,63) (0,0))
((0,192) (63,255) (0,0))
((0,128) (63,191) (0,0))
((0,64) (63,127) (0,0))
((192,192) (255,255) (0,0))
((192,128) (255,191) (0,0))
((192,64) (255,127) (0,0))
((128,192) (191,255) (0,0))
((128,128) (191,191) (0,0))
((128,64) (191,127) (0,0))
((64,192) (127,255) (0,0))
((64,128) (127,191) (0,0))
((64,64) (127,127) (0,0))
)
16
FabOnDisk: Cell_D_00000 0
FabOnDisk: Cell_D_00000 32850
FabOnDisk: Cell_D_00000 65703
FabOnDisk: Cell_D_00000 98556
FabOnDisk: Cell_D_00000 131408
FabOnDisk: Cell_D_00000 164261
FabOnDisk: Cell_D_00000 197114
FabOnDisk: Cell_D_00000 229966
FabOnDisk: Cell_D_00000 262822
FabOnDisk: Cell_D_00000 295678
FabOnDisk: Cell_D_00000 328533
FabOnDisk: Cell_D_00000 361389
FabOnDisk: Cell_D_00000 394245
FabOnDisk: Cell_D_00000 427100
FabOnDisk: Cell_D_00000 459955
FabOnDisk: Cell_D_00000 492810

16,1
1.0006371798950591e+00,
1.0010549107342961e+00,
1.0034498330856829e+00,
1.0010549107342961e+00,
1.0010549107342959e+00,
1.0034498330856829e+00,
1.0010549107342959e+00,
1.0017462930268701e+00,
1.0057097857711335e+00,
1.0017462930268701e+00,
1.0057097857711332e+00,
1.0186638380171174e+00,
1.0057097857711332e+00,
1.0017462930268701e+00,
1.0057097857711335e+00,
1.0017462930268701e+00,

16,1
1.0016648184308190e+00,
1.0055203220003310e+00,
1.0064972688634755e+00,
1.0055203220003310e+00,
1.0055203220003308e+00,
1.0064972688634755e+00,
1.0055203220003308e+00,
1.0182993520650423e+00,
1.0215371274711835e+00,
1.0182993520650423e+00,
1.0215371274711837e+00,
1.0253476796839336e+00,
1.0215371274711837e+00,
1.0182993520650423e+00,
1.0215371274711835e+00,
1.0182993520650423e+00,

