1
1
1
0
(16 0
((0,0) (63,63) (0,0))
((192,0) (255,63) (0,0))
((128,0) (191,63) (0,0))
((64,0) (127,63) (0,0))
((0,192) (63,255) (0,0))
((0,128) (63,191) (0,0))
((0,64) (63,127) (0,0))
((192,192) (255,255) (0,0))
((192,128) (255,191) (0,0))
((192,64) (255,127) (0,0))
((128,192) (191,255) (0,0))
((128,128) (191,191) (0,0))
((128,64) (191,127) (0,0))
((64,192) (127,255) (0,0))
((64,128) (127,191) (0,0))
((64,64) (127,127) (0,0))
)
16
FabOnDisk: Cell_D_00000 0
FabOnDisk: Cell_D_00000 32850
FabOnDisk: Cell_D_00000 65703
FabOnDisk: Cell_D_00000 98556
FabOnDisk: Cell_D_00000 131408
FabOnDisk: Cell_D_00000 164261
FabOnDisk: Cell_D_00000 197114
FabOnDisk: Cell_D_00000 229966
FabOnDisk: Cell_D_00000 262822
FabOnDisk: Cell_D_00000 295678
FabOnDisk: Cell_D_00000 328533
FabOnDisk: Cell_D_00000 361389
FabOnDisk: Cell_D_00000 394245
FabOnDisk: Cell_D_00000 427100
FabOnDisk: Cell_D_00000 459955
FabOnDisk: Cell_D_00000 492810

16,1
1.0001247064599581e+00,
1.0003045027497570e+00,
1.0016936791019595e+00,
1.0003045027497570e+00,
1.0003045027497568e+00,
1.0016936791019595e+00,
1.0003045027497568e+00,
1.0007432264001928e+00,
1.0041318425379762e+00,
1.0007432264001928e+00,
1.0041318425379762e+00,
1.0229558000764314e+00,
1.0041318425379762e+00,
1.0007432264001928e+00,
1.0041318425379762e+00,
1.0007432264001928e+00,

16,1
1.0006888276802341e+00,
1.0039236120496453e+00,
1.0049207533333600e+00,
1.0039236120496453e+00,
1.0039236120496453e+00,
1.0049207533333597e+00,
1.0039236120496453e+00,
1.0223345402320743e+00,
1.0280083917918228e+00,
1.0223345402320743e+00,
1.0280083917918230e+00,
1.0351232888242583e+00,
1.0280083917918230e+00,
1.0223345402320743e+00,
1.0280083917918228e+00,
1.0223345402320743e+00,

