1
1
1
0
(16 0
((0,0) (63,63) (0,0))
((192,0) (255,63) (0,0))
((128,0) (191,63) (0,0))
((64,0) (127,63) (0,0))
((0,192) (63,255) (0,0))
((0,128) (63,191) (0,0))
((0,64) (63,127) (0,0))
((192,192) (255,255) (0,0))
((192,128) (255,191) (0,0))
((192,64) (255,127) (0,0))
((128,192) (191,255) (0,0))
((128,128) (191,191) (0,0))
((128,64) (191,127) (0,0))
((64,192) (127,255) (0,0))
((64,128) (127,191) (0,0))
((64,64) (127,127) (0,0))
)
16
FabOnDisk: Cell_D_00000 0
FabOnDisk: Cell_D_00000 32850
FabOnDisk: Cell_D_00000 65703
FabOnDisk: Cell_D_00000 98556
FabOnDisk: Cell_D_00000 131408
FabOnDisk: Cell_D_00000 164261
FabOnDisk: Cell_D_00000 197114
FabOnDisk: Cell_D_00000 229966
FabOnDisk: Cell_D_00000 262822
FabOnDisk: Cell_D_00000 295678
FabOnDisk: Cell_D_00000 328533
FabOnDisk: Cell_D_00000 361389
FabOnDisk: Cell_D_00000 394245
FabOnDisk: Cell_D_00000 427100
FabOnDisk: Cell_D_00000 459955
FabOnDisk: Cell_D_00000 492810

16,1
1.0000287526411777e+00,
1.0001003596970393e+00,
1.0008611332102899e+00,
1.0001003596970393e+00,
1.0001003596970390e+00,
1.0008611332102899e+00,
1.0001003596970390e+00,
1.0003500180681431e+00,
1.0030004658696507e+00,
1.0003500180681431e+00,
1.0030004658696507e+00,
1.0256921638408498e+00,
1.0030004658696507e+00,
1.0003500180681431e+00,
1.0030004658696507e+00,
1.0003500180681431e+00,

16,1
1.0003171454678632e+00,
1.0028080049566548e+00,
1.0037178456627849e+00,
1.0028080049566548e+00,
1.0028080049566546e+00,
1.0037178456627849e+00,
1.0028080049566546e+00,
1.0248332390861654e+00,
1.0328748739661593e+00,
1.0248332390861654e+00,
1.0328748739661588e+00,
1.0435198115789146e+00,
1.0328748739661588e+00,
1.0248332390861654e+00,
1.0328748739661593e+00,
1.0248332390861654e+00,

