1
1
1
0
(16 0
((0,0) (63,63) (0,0))
((192,0) (255,63) (0,0))
((128,0) (191,63) (0,0))
((64,0) (127,63) (0,0))
((0,192) (63,255) (0,0))
((0,128) (63,191) (0,0))
((0,64) (63,127) (0,0))
((192,192) (255,255) (0,0))
((192,128) (255,191) (0,0))
((192,64) (255,127) (0,0))
((128,192) (191,255) (0,0))
((128,128) (191,191) (0,0))
((128,64) (191,127) (0,0))
((64,192) (127,255) (0,0))
((64,128) (127,191) (0,0))
((64,64) (127,127) (0,0))
)
16
FabOnDisk: Cell_D_00000 0
FabOnDisk: Cell_D_00000 32850
FabOnDisk: Cell_D_00000 65703
FabOnDisk: Cell_D_00000 98556
FabOnDisk: Cell_D_00000 131408
FabOnDisk: Cell_D_00000 164261
FabOnDisk: Cell_D_00000 197114
FabOnDisk: Cell_D_00000 229966
FabOnDisk: Cell_D_00000 262822
FabOnDisk: Cell_D_00000 295678
FabOnDisk: Cell_D_00000 328533
FabOnDisk: Cell_D_00000 361389
FabOnDisk: Cell_D_00000 394245
FabOnDisk: Cell_D_00000 427100
FabOnDisk: Cell_D_00000 459955
FabOnDisk: Cell_D_00000 492810

16,1
1.0000000000000182e+00,
1.0000000000107720e+00,
1.0000000244528999e+00,
1.0000000000107720e+00,
1.0000000000107718e+00,
1.0000000244528999e+00,
1.0000000000107718e+00,
1.0000000052096936e+00,
1.0000113837041973e+00,
1.0000000052096936e+00,
1.0000113837041975e+00,
1.0238474667947772e+00,
1.0000113837041975e+00,
1.0000000052096936e+00,
1.0000113837041973e+00,
1.0000000052096936e+00,

16,1
1.0000000036217069e+00,
1.0000089432306447e+00,
1.0000242697666404e+00,
1.0000089432306447e+00,
1.0000089432306445e+00,
1.0000242697666404e+00,
1.0000089432306445e+00,
1.0211434737392633e+00,
1.0570613445175530e+00,
1.0211434737392633e+00,
1.0570613445175530e+00,
1.1538868365379280e+00,
1.0570613445175530e+00,
1.0211434737392633e+00,
1.0570613445175530e+00,
1.0211434737392633e+00,

