1
1
1
0
(16 0
((0,0) (63,63) (0,0))
((192,0) (255,63) (0,0))
((128,0) (191,63) (0,0))
((64,0) (127,63) (0,0))
((0,192) (63,255) (0,0))
((0,128) (63,191) (0,0))
((0,64) (63,127) (0,0))
((192,192) (255,255) (0,0))
((192,128) (255,191) (0,0))
((192,64) (255,127) (0,0))
((128,192) (191,255) (0,0))
((128,128) (191,191) (0,0))
((128,64) (191,127) (0,0))
((64,192) (127,255) (0,0))
((64,128) (127,191) (0,0))
((64,64) (127,127) (0,0))
)
16
FabOnDisk: Cell_D_00000 0
FabOnDisk: Cell_D_00000 32850
FabOnDisk: Cell_D_00000 65703
FabOnDisk: Cell_D_00000 98556
FabOnDisk: Cell_D_00000 131408
FabOnDisk: Cell_D_00000 164261
FabOnDisk: Cell_D_00000 197114
FabOnDisk: Cell_D_00000 229966
FabOnDisk: Cell_D_00000 262822
FabOnDisk: Cell_D_00000 295678
FabOnDisk: Cell_D_00000 328533
FabOnDisk: Cell_D_00000 361389
FabOnDisk: Cell_D_00000 394245
FabOnDisk: Cell_D_00000 427100
FabOnDisk: Cell_D_00000 459955
FabOnDisk: Cell_D_00000 492810

16,1
1.0015038802668474e+00,
1.0020528078658426e+00,
1.0048559352211011e+00,
1.0020528078658426e+00,
1.0020528078658428e+00,
1.0048559352211013e+00,
1.0020528078658428e+00,
1.0028019749867121e+00,
1.0066275495549188e+00,
1.0028019749867121e+00,
1.0066275495549193e+00,
1.0156738028035295e+00,
1.0066275495549193e+00,
1.0028019749867121e+00,
1.0066275495549188e+00,
1.0028019749867121e+00,

16,1
1.0027151635470453e+00,
1.0064747885617109e+00,
1.0073425863444530e+00,
1.0064747885617109e+00,
1.0064747885617107e+00,
1.0073425863444527e+00,
1.0064747885617107e+00,
1.0154378055363353e+00,
1.0175065743350988e+00,
1.0154378055363353e+00,
1.0175065743350986e+00,
1.0198525313179789e+00,
1.0175065743350986e+00,
1.0154378055363353e+00,
1.0175065743350988e+00,
1.0154378055363353e+00,

