1
1
1
0
(16 0
((0,0) (63,63) (0,0))
((192,0) (255,63) (0,0))
((128,0) (191,63) (0,0))
((64,0) (127,63) (0,0))
((0,192) (63,255) (0,0))
((0,128) (63,191) (0,0))
((0,64) (63,127) (0,0))
((192,192) (255,255) (0,0))
((192,128) (255,191) (0,0))
((192,64) (255,127) (0,0))
((128,192) (191,255) (0,0))
((128,128) (191,191) (0,0))
((128,64) (191,127) (0,0))
((64,192) (127,255) (0,0))
((64,128) (127,191) (0,0))
((64,64) (127,127) (0,0))
)
16
FabOnDisk: Cell_D_00000 0
FabOnDisk: Cell_D_00000 32850
FabOnDisk: Cell_D_00000 65703
FabOnDisk: Cell_D_00000 98556
FabOnDisk: Cell_D_00000 131408
FabOnDisk: Cell_D_00000 164261
FabOnDisk: Cell_D_00000 197114
FabOnDisk: Cell_D_00000 229966
FabOnDisk: Cell_D_00000 262822
FabOnDisk: Cell_D_00000 295678
FabOnDisk: Cell_D_00000 328533
FabOnDisk: Cell_D_00000 361389
FabOnDisk: Cell_D_00000 394245
FabOnDisk: Cell_D_00000 427100
FabOnDisk: Cell_D_00000 459955
FabOnDisk: Cell_D_00000 492810

16,1
1.0000024382367736e+00,
1.0000155032503302e+00,
1.0002652552676741e+00,
1.0000155032503302e+00,
1.0000155032503302e+00,
1.0002652552676741e+00,
1.0000155032503302e+00,
1.0000983900512497e+00,
1.0016798299964729e+00,
1.0000983900512497e+00,
1.0016798299964733e+00,
1.0286107443385379e+00,
1.0016798299964733e+00,
1.0000983900512497e+00,
1.0016798299964729e+00,
1.0000983900512497e+00,

16,1
1.0000861327989130e+00,
1.0015370480848835e+00,
1.0022230164687747e+00,
1.0015370480848835e+00,
1.0015370480848833e+00,
1.0022230164687747e+00,
1.0015370480848833e+00,
1.0273602959553514e+00,
1.0395583561651003e+00,
1.0273602959553514e+00,
1.0395583561651001e+00,
1.0571923833683980e+00,
1.0395583561651001e+00,
1.0273602959553514e+00,
1.0395583561651003e+00,
1.0273602959553514e+00,

