1
1
1
0
(16 0
((0,0) (63,63) (0,0))
((192,0) (255,63) (0,0))
((128,0) (191,63) (0,0))
((64,0) (127,63) (0,0))
((0,192) (63,255) (0,0))
((0,128) (63,191) (0,0))
((0,64) (63,127) (0,0))
((192,192) (255,255) (0,0))
((192,128) (255,191) (0,0))
((192,64) (255,127) (0,0))
((128,192) (191,255) (0,0))
((128,128) (191,191) (0,0))
((128,64) (191,127) (0,0))
((64,192) (127,255) (0,0))
((64,128) (127,191) (0,0))
((64,64) (127,127) (0,0))
)
16
FabOnDisk: Cell_D_00000 0
FabOnDisk: Cell_D_00000 32850
FabOnDisk: Cell_D_00000 65703
FabOnDisk: Cell_D_00000 98556
FabOnDisk: Cell_D_00000 131408
FabOnDisk: Cell_D_00000 164261
FabOnDisk: Cell_D_00000 197114
FabOnDisk: Cell_D_00000 229966
FabOnDisk: Cell_D_00000 262822
FabOnDisk: Cell_D_00000 295678
FabOnDisk: Cell_D_00000 328533
FabOnDisk: Cell_D_00000 361389
FabOnDisk: Cell_D_00000 394245
FabOnDisk: Cell_D_00000 427100
FabOnDisk: Cell_D_00000 459955
FabOnDisk: Cell_D_00000 492810

16,1
1.0010394168520986e+00,
1.0015391815496524e+00,
1.0042089657137991e+00,
1.0015391815496524e+00,
1.0015391815496526e+00,
1.0042089657137991e+00,
1.0015391815496526e+00,
1.0022790767551066e+00,
1.0062314913343515e+00,
1.0022790767551066e+00,
1.0062314913343520e+00,
1.0170347633888934e+00,
1.0062314913343520e+00,
1.0022790767551066e+00,
1.0062314913343515e+00,
1.0022790767551066e+00,

16,1
1.0021928041009143e+00,
1.0060600681627330e+00,
1.0069872615303228e+00,
1.0060600681627330e+00,
1.0060600681627325e+00,
1.0069872615303226e+00,
1.0060600681627325e+00,
1.0167441457512991e+00,
1.0193055476144077e+00,
1.0167441457512991e+00,
1.0193055476144073e+00,
1.0222587150757843e+00,
1.0193055476144073e+00,
1.0167441457512991e+00,
1.0193055476144077e+00,
1.0167441457512991e+00,

