1
1
1
0
(16 0
((0,0) (63,63) (0,0))
((192,0) (255,63) (0,0))
((128,0) (191,63) (0,0))
((64,0) (127,63) (0,0))
((0,192) (63,255) (0,0))
((0,128) (63,191) (0,0))
((0,64) (63,127) (0,0))
((192,192) (255,255) (0,0))
((192,128) (255,191) (0,0))
((192,64) (255,127) (0,0))
((128,192) (191,255) (0,0))
((128,128) (191,191) (0,0))
((128,64) (191,127) (0,0))
((64,192) (127,255) (0,0))
((64,128) (127,191) (0,0))
((64,64) (127,127) (0,0))
)
16
FabOnDisk: Cell_D_00000 0
FabOnDisk: Cell_D_00000 32850
FabOnDisk: Cell_D_00000 65703
FabOnDisk: Cell_D_00000 98556
FabOnDisk: Cell_D_00000 131408
FabOnDisk: Cell_D_00000 164261
FabOnDisk: Cell_D_00000 197114
FabOnDisk: Cell_D_00000 229966
FabOnDisk: Cell_D_00000 262822
FabOnDisk: Cell_D_00000 295678
FabOnDisk: Cell_D_00000 328533
FabOnDisk: Cell_D_00000 361389
FabOnDisk: Cell_D_00000 394245
FabOnDisk: Cell_D_00000 427100
FabOnDisk: Cell_D_00000 459955
FabOnDisk: Cell_D_00000 492810

16,1
1.0020019927751482e+00,
1.0025712467123371e+00,
1.0053946231211996e+00,
1.0025712467123371e+00,
1.0025712467123369e+00,
1.0053946231211994e+00,
1.0025712467123369e+00,
1.0033022720483038e+00,
1.0069279548730825e+00,
1.0033022720483038e+00,
1.0069279548730827e+00,
1.0145326604962313e+00,
1.0069279548730827e+00,
1.0033022720483038e+00,
1.0069279548730825e+00,
1.0033022720483038e+00,

16,1
1.0032178739643589e+00,
1.0067929906482362e+00,
1.0075971091401807e+00,
1.0067929906482362e+00,
1.0067929906482360e+00,
1.0075971091401810e+00,
1.0067929906482360e+00,
1.0143383528745742e+00,
1.0160354226047525e+00,
1.0143383528745742e+00,
1.0160354226047523e+00,
1.0179333258425085e+00,
1.0160354226047523e+00,
1.0143383528745742e+00,
1.0160354226047525e+00,
1.0143383528745742e+00,

