1
1
1
0
(16 0
((0,0) (63,63) (0,0))
((192,0) (255,63) (0,0))
((128,0) (191,63) (0,0))
((64,0) (127,63) (0,0))
((0,192) (63,255) (0,0))
((0,128) (63,191) (0,0))
((0,64) (63,127) (0,0))
((192,192) (255,255) (0,0))
((192,128) (255,191) (0,0))
((192,64) (255,127) (0,0))
((128,192) (191,255) (0,0))
((128,128) (191,191) (0,0))
((128,64) (191,127) (0,0))
((64,192) (127,255) (0,0))
((64,128) (127,191) (0,0))
((64,64) (127,127) (0,0))
)
16
FabOnDisk: Cell_D_00000 0
FabOnDisk: Cell_D_00000 32850
FabOnDisk: Cell_D_00000 65703
FabOnDisk: Cell_D_00000 98556
FabOnDisk: Cell_D_00000 131408
FabOnDisk: Cell_D_00000 164261
FabOnDisk: Cell_D_00000 197114
FabOnDisk: Cell_D_00000 229966
FabOnDisk: Cell_D_00000 262822
FabOnDisk: Cell_D_00000 295678
FabOnDisk: Cell_D_00000 328533
FabOnDisk: Cell_D_00000 361389
FabOnDisk: Cell_D_00000 394245
FabOnDisk: Cell_D_00000 427100
FabOnDisk: Cell_D_00000 459955
FabOnDisk: Cell_D_00000 492810

16,1
1.0003259261510111e+00,
1.0006316524982963e+00,
1.0025938575836422e+00,
1.0006316524982963e+00,
1.0006316524982963e+00,
1.0025938575836419e+00,
1.0006316524982963e+00,
1.0012238975819194e+00,
1.0050244201705494e+00,
1.0012238975819194e+00,
1.0050244201705494e+00,
1.0206182432533470e+00,
1.0050244201705494e+00,
1.0012238975819194e+00,
1.0050244201705494e+00,
1.0012238975819194e+00,

16,1
1.0011528152893687e+00,
1.0048206701032221e+00,
1.0058275773831855e+00,
1.0048206701032221e+00,
1.0048206701032223e+00,
1.0058275773831853e+00,
1.0048206701032223e+00,
1.0201499071746150e+00,
1.0243574833542235e+00,
1.0201499071746150e+00,
1.0243574833542237e+00,
1.0294434904686394e+00,
1.0243574833542237e+00,
1.0201499071746150e+00,
1.0243574833542235e+00,
1.0201499071746150e+00,

